[gd_scene format=3 uid="uid://iwwyww7vo0mu"]

[ext_resource type="Material" uid="uid://dyd2nh7h1m61x" path="res://Low Poly Food Asset Pack/Kyle Fuji/Materials/M_wood.tres" id="1_n5wlq"]
[ext_resource type="PackedScene" uid="uid://conasnuwf8wed" path="res://Low Poly Food Asset Pack/Kyle Fuji/Prefabs/Protein/drumstick.tscn" id="5_a63ch"]
[ext_resource type="PackedScene" uid="uid://skhwxaihy3mx" path="res://Low Poly Food Asset Pack/Kyle Fuji/Prefabs/Junk Food/scoop_1_white.tscn" id="6_wuj4e"]
[ext_resource type="PackedScene" uid="uid://cpjhge18lw2ua" path="res://Low Poly Food Asset Pack/Kyle Fuji/Prefabs/Vegetables/carrot.tscn" id="7_x3uny"]
[ext_resource type="PackedScene" uid="uid://di4vpmce4ecn8" path="res://Low Poly Food Asset Pack/Kyle Fuji/Prefabs/Protein/steak.tscn" id="8_n0au2"]
[ext_resource type="PackedScene" uid="uid://di434u3wyq5pn" path="res://Low Poly Food Asset Pack/Kyle Fuji/Prefabs/Plates and Dishes/plate.tscn" id="8_x3uny"]
[ext_resource type="PackedScene" uid="uid://mm84upwiu3pr" path="res://Low Poly Food Asset Pack/Kyle Fuji/Prefabs/Vegetables/potato.tscn" id="9_i5wcy"]
[ext_resource type="PackedScene" uid="uid://dem65xjvr3ep8" path="res://Low Poly Food Asset Pack/Kyle Fuji/Prefabs/Vegetables/mushroom.tscn" id="10_cthmf"]
[ext_resource type="PackedScene" uid="uid://bpni38pxht376" path="res://Low Poly Food Asset Pack/Kyle Fuji/Prefabs/Vegetables/corn.tscn" id="11_hb0uw"]
[ext_resource type="PackedScene" uid="uid://cipnk7up4ofs1" path="res://Low Poly Food Asset Pack/Kyle Fuji/Prefabs/Protein/meat_haunch.tscn" id="12_7r2vi"]
[ext_resource type="PackedScene" uid="uid://d1bs5rh4lxa3" path="res://Low Poly Food Asset Pack/Kyle Fuji/Prefabs/Protein/egg_cooked.tscn" id="13_857s4"]
[ext_resource type="PackedScene" uid="uid://dctx7sbnoqhyc" path="res://Low Poly Food Asset Pack/Kyle Fuji/Prefabs/Fruits/banana.tscn" id="14_q1os7"]
[ext_resource type="PackedScene" uid="uid://pj1tqjoale5s" path="res://Low Poly Food Asset Pack/Kyle Fuji/Prefabs/Vegetables/broccoli.tscn" id="15_a22bh"]
[ext_resource type="PackedScene" uid="uid://bcrlnqn78bgp4" path="res://Low Poly Food Asset Pack/Kyle Fuji/Prefabs/Vegetables/tomato.tscn" id="16_x3uny"]

[sub_resource type="PlaneMesh" id="PlaneMesh_8nv5e"]

[node name="FoodScene" type="Node3D"]

[node name="MeshInstance3D" type="MeshInstance3D" parent="."]
transform = Transform3D(1.3155448, 0, 0, 0, 1, 0, 0, 0, 1.8788544, 0, 0, 0)
material_override = ExtResource("1_n5wlq")
mesh = SubResource("PlaneMesh_8nv5e")

[node name="DirectionalLight3D" parent="." instance=ExtResource("2_i3brq")]
transform = Transform3D(1, 0, 0, 0, -4.371139e-08, 1, 0, -1, -4.371139e-08, 0, 4.068379, 0)

[node name="WorldEnvironment" parent="." instance=ExtResource("3_kba7u")]

[node name="SpotLight3D" type="SpotLight3D" parent="."]
transform = Transform3D(1, 0, 0, 0, -4.371139e-08, 1, 0, -1, -4.371139e-08, 0, 0.7604271, -1.9809146e-08)
light_energy = 0.8
shadow_enabled = true
shadow_normal_bias = 3.752

[node name="SpotLight3D2" type="SpotLight3D" parent="."]
transform = Transform3D(0.48296288, -0.25881907, 0.8365164, -0.86602545, -4.3711392e-08, 0.49999997, -0.12940948, -0.9659259, -0.2241439, 1.0669825, 0.40789893, -0.327811)
shadow_enabled = true

[node name="SpotLight3D3" type="SpotLight3D" parent="."]
transform = Transform3D(0.48296288, 0.25881904, 0.8365164, -0.86602545, -1.738512e-08, 0.5, 0.12940952, -0.9659259, 0.22414386, 1.0669825, 0.40789893, 0.4560567)

[node name="SpotLight3D5" type="SpotLight3D" parent="."]
transform = Transform3D(0.0042149127, 0.99996454, 0.0073004356, -0.86602545, 4.4539377e-09, 0.49999994, 0.49998218, -0.00842982, 0.8659947, -0.17697605, 0.40789893, 1.4221878)

[node name="SpotLight3D4" type="SpotLight3D" parent="."]
transform = Transform3D(0.48296288, 0.25881904, 0.8365164, -0.86602545, -4.4803343e-09, 0.5, 0.12940952, -0.9659259, 0.22414388, 0.71642196, 0.40789893, -0.54235154)
shadow_enabled = true

[node name="Camera3D" type="Camera3D" parent="."]
transform = Transform3D(0.70219094, -0.5829016, 0.4088443, 0, 0.5742286, 0.81869507, -0.7119887, -0.57488024, 0.4032181, 0.40994954, 0.27402735, 0.20784998)
visible = false

[node name="plate" parent="." instance=ExtResource("8_x3uny")]
transform = Transform3D(1, 0, 0, 0, 1, 0, 0, 0, 1, 0.4177425, 0, 0)

[node name="plate4" parent="." instance=ExtResource("8_x3uny")]
transform = Transform3D(1, 0, 0, 0, 1, 0, 0, 0, 1, -0.011250764, 0, 0)

[node name="plate2" parent="." instance=ExtResource("8_x3uny")]
transform = Transform3D(1, 0, 0, 0, 1, 0, 0, 0, 1, 0.20328343, 0, 0.21895748)

[node name="plate3" parent="." instance=ExtResource("8_x3uny")]
transform = Transform3D(1, 0, 0, 0, 1, 0, 0, 0, 1, 0.20527577, 0, -0.21849445)

[node name="drumstick2" parent="." instance=ExtResource("5_a63ch")]
transform = Transform3D(1, 0, 0, 0, 1, 0, 0, 0, 1, 0.34592825, 0.007211916, 0.007915504)

[node name="carrot3" parent="." instance=ExtResource("7_x3uny")]
transform = Transform3D(0.8660253, 0.18925163, -0.4628, -3.7252903e-09, 0.9256, 0.37850323, 0.5, -0.32779345, 0.8015931, 0.4483326, 0.04413904, 0.012289688)

[node name="carrot4" parent="." instance=ExtResource("7_x3uny")]
transform = Transform3D(0.70710677, -0.09466916, 0.7007409, 0, 0.99099725, 0.13388242, -0.70710677, -0.09466916, 0.7007409, 0.46973902, 0.011527871, 0.011577778)

[node name="steak3" parent="." instance=ExtResource("8_n0au2")]
transform = Transform3D(0.9939763, 0.10959553, 0, -0.10959553, 0.9939763, 0, 0, 0, 1, 0.12871501, 0.014983447, 0.23493373)

[node name="steak4" parent="." instance=ExtResource("8_n0au2")]
transform = Transform3D(-0.06465238, -0.0050053783, -0.9978953, -0.07718887, 0.9970165, 0, 0.99491805, 0.07702641, -0.06484585, 0.2101202, 0.014983447, -0.2865418)

[node name="potato2" parent="." instance=ExtResource("9_i5wcy")]
transform = Transform3D(-0.18887255, 0, -0.98200154, 0, 1, 0, 0.98200154, 0, -0.18887255, 0.20706166, 0.007108532, 0.14685518)

[node name="mushroom6" parent="." instance=ExtResource("10_cthmf")]
transform = Transform3D(-0.7291119, 0.55324394, 0.40288547, 0, 0.5886745, -0.8083702, -0.68439424, -0.5893923, -0.42920962, 0.22766066, 0.014701508, 0.22329015)

[node name="mushroom7" parent="." instance=ExtResource("10_cthmf")]
transform = Transform3D(0.93991935, -0.27597505, -0.20097159, 9.3102354e-10, 0.58867455, -0.8083703, 0.34139687, 0.75980276, 0.55330646, 0.28261417, 0.01470153, 0.20078772)

[node name="mushroom8" parent="." instance=ExtResource("10_cthmf")]
transform = Transform3D(-0.76227427, -0.40291676, -0.50655323, -0.0065583354, -0.77777046, 0.6285144, -0.647221, 0.48242235, 0.5902319, 0.3027435, 0.039553896, 0.17631108)

[node name="mushroom9" parent="." instance=ExtResource("10_cthmf")]
transform = Transform3D(-0.647221, 0.48242232, 0.5902319, -0.0065583326, -0.77777034, 0.62851435, 0.7622742, 0.40291664, 0.50655323, 0.2758202, 0.039553896, 0.14259309)

[node name="mushroom10" parent="." instance=ExtResource("10_cthmf")]
transform = Transform3D(-0.95725894, -0.23380688, -0.17026374, 9.3102354e-10, 0.58867455, -0.8083703, 0.28923243, -0.77381957, -0.5635139, 0.267571, 0.01470153, 0.19092935)

[node name="corn2" parent="." instance=ExtResource("11_hb0uw")]
transform = Transform3D(-0.74622, 0, 0.66569924, 0, 1, 0, -0.66569924, 0, -0.74622, 0.2643722, 0.01470153, 0.27492964)

[node name="meat_haunch2" parent="." instance=ExtResource("12_7r2vi")]
transform = Transform3D(1, 0, 0, 0, 1, 0, 0, 0, 1, -0.050174385, -2.9802322e-08, 0.0048113614)

[node name="egg_cooked2" parent="." instance=ExtResource("13_857s4")]
transform = Transform3D(1, 0, 0, 0, 1, 0, 0, 0, 1, 0.15479285, 0.01540342, -0.15951562)

[node name="banana2" parent="." instance=ExtResource("14_q1os7")]
transform = Transform3D(0.8660254, 0, -0.5, 0, 1, 0, 0.5, 0, 0.8660254, 0.29430237, 0.015845813, -0.17032927)

[node name="broccoli" parent="." instance=ExtResource("15_a22bh")]
transform = Transform3D(0.55070895, 0.6894584, 0.47049642, -0.12888388, 0.6271509, -0.7681606, -0.8246869, 0.36239353, 0.4342375, 0.5071731, 0.015845813, -0.030914154)

[node name="broccoli2" parent="." instance=ExtResource("15_a22bh")]
transform = Transform3D(-0.37686488, 0.68552655, 0.62291723, -0.12888391, 0.62715083, -0.76816046, -0.9172575, -0.36977667, -0.14799781, 0.50617427, 0.015845813, 0.02322397)

[node name="broccoli3" parent="." instance=ExtResource("15_a22bh")]
transform = Transform3D(-0.98924905, -0.13528976, 0.055523783, -0.12888391, 0.6271509, -0.7681606, 0.06910244, -0.76705825, -0.6378449, 0.5041844, 0.015845813, 0.010721032)

[node name="scoop_1_white" parent="." instance=ExtResource("6_wuj4e")]
transform = Transform3D(1, 0, 0, 0, 1, 0, 0, 0, 1, 0.4227565, 0.014143281, 0.05360271)

[node name="tomato" parent="." instance=ExtResource("16_x3uny")]
transform = Transform3D(1, 0, 0, 0, 1, 0, 0, 0, 1, 0.034634948, 0, 0.08492336)

[node name="tomato2" parent="." instance=ExtResource("16_x3uny")]
transform = Transform3D(1, 0, 0, 0, 1, 0, 0, 0, 1, 0.060705304, 0, 0.011679634)

[node name="tomato3" parent="." instance=ExtResource("16_x3uny")]
transform = Transform3D(1, 0, 0, 0, 1, 0, 0, 0, 1, 0.03264302, 0, -0.07208291)
