[gd_scene format=3 uid="uid://to18f2jyqcds"]

[ext_resource type="Material" uid="uid://mwjxjakpho40" path="res://Low Poly Food Asset Pack/Kyle Fuji/Materials/M_marble.tres" id="1_l2ihc"]
[ext_resource type="PackedScene" uid="uid://ckfla4klph51u" path="res://World Environments/night_sun.tscn" id="2_yu1lf"]
[ext_resource type="PackedScene" uid="uid://b4xa8uasph3vh" path="res://World Environments/night_world_environment.tscn" id="3_aie65"]
[ext_resource type="PackedScene" uid="uid://scy5a7eo76p4" path="res://Low Poly Food Asset Pack/Kyle Fuji/Prefabs/Junk Food/soda_can_cola.tscn" id="4_a1gj8"]
[ext_resource type="PackedScene" uid="uid://jn6x4tfmlsv7" path="res://Low Poly Food Asset Pack/Kyle Fuji/Prefabs/Junk Food/soda_can_beer.tscn" id="5_l3u3u"]

[sub_resource type="PlaneMesh" id="PlaneMesh_8nv5e"]

[node name="FoodScene" type="Node3D"]

[node name="MeshInstance3D" type="MeshInstance3D" parent="."]
transform = Transform3D(1.3155448, 0, 0, 0, 1, 0, 0, 0, 1.8788544, 0, 0, 0)
material_override = ExtResource("1_l2ihc")
mesh = SubResource("PlaneMesh_8nv5e")

[node name="DirectionalLight3D" parent="." instance=ExtResource("2_yu1lf")]
transform = Transform3D(1, 0, 0, 0, -4.371139e-08, 1, 0, -1, -4.371139e-08, 0, 4.068379, 0)

[node name="WorldEnvironment" parent="." instance=ExtResource("3_aie65")]

[node name="SpotLight3D" type="SpotLight3D" parent="."]
transform = Transform3D(1, 0, 0, 0, -4.371139e-08, 1, 0, -1, -4.371139e-08, 0, 0.7604271, -1.9809146e-08)
shadow_enabled = true

[node name="SpotLight3D2" type="SpotLight3D" parent="."]
transform = Transform3D(0.48296288, -0.25881907, 0.8365164, -0.86602545, -4.3711392e-08, 0.49999997, -0.12940948, -0.9659259, -0.2241439, 1.0669825, 0.40789893, -0.327811)
light_energy = 0.5

[node name="SpotLight3D3" type="SpotLight3D" parent="."]
transform = Transform3D(0.48296288, 0.25881904, 0.8365164, -0.86602545, -1.738512e-08, 0.5, 0.12940952, -0.9659259, 0.22414386, 1.0669825, 0.40789893, 0.4560567)
light_energy = 0.5

[node name="Camera3D" type="Camera3D" parent="."]
transform = Transform3D(0.027940638, -0.77081656, 0.6364442, 0, 0.63669276, 0.7711176, -0.9996096, -0.021545518, 0.017789604, 0.1767559, 0.24393463, 9.790063e-05)
visible = false

[node name="soda_can_cola3" parent="." instance=ExtResource("4_a1gj8")]
transform = Transform3D(0.96697474, 0, 0.254872, 0, 1, 0, -0.254872, 0, 0.96697474, 0, 0, 0.053933635)

[node name="soda_can_beer3" parent="." instance=ExtResource("5_l3u3u")]
transform = Transform3D(-0.95446986, 0, -0.2983078, 0, 1, 0, 0.2983078, 0, -0.95446986, 0.038376093, 0, -0.1502063)

[node name="soda_can_cola4" parent="." instance=ExtResource("4_a1gj8")]
transform = Transform3D(-0.65460885, 0, -0.7559676, 0, 1, 0, 0.7559676, 0, -0.65460885, 0.024643943, 0, 0.1551279)

[node name="soda_can_beer4" parent="." instance=ExtResource("5_l3u3u")]
transform = Transform3D(0.9182668, 0, -0.39596224, 0, 1, 0, 0.39596224, 0, 0.9182668, 0, 0, -0.04506129)
