[gd_scene format=3 uid="uid://dr3nv2sl17i0o"]

[ext_resource type="PackedScene" uid="uid://bxhewvniye73c" path="res://assets/characters/party_monster/party_monster_skin.tscn" id="1_s21xw"]

[node name="PartyMonsterCullingPreview" type="Node3D" unique_id=2118029089]

[node name="KeyLight" type="DirectionalLight3D" parent="." unique_id=2018754136]
transform = Transform3D(0.8480481, -0.3545852, 0.39380676, 0, 0.7431448, 0.6691306, -0.52991927, -0.56745493, 0.63022256, 0, 0, 0)
light_energy = 3.0

[node name="PreviewCamera" type="Camera3D" parent="." unique_id=1771979045]
transform = Transform3D(1, 0, 0, 0, 0.99627644, 0.086216226, 0, -0.086216226, 0.99627644, 0, 1.3, 5.2)
fov = 42.0

[node name="DefaultC01" parent="." unique_id=690286025 instance=ExtResource("1_s21xw")]
transform = Transform3D(-0.90630776, 0, 0.42261833, 0, 1, 0, -0.42261833, 0, -0.90630776, -0.85, 0, 0)

[node name="MaskTint01" parent="." unique_id=1850257251 instance=ExtResource("1_s21xw")]
transform = Transform3D(-0.90630776, 0, 0.42261833, 0, 1, 0, -0.42261833, 0, -0.90630776, 0.85, 0, 0)
character_model_id = "party_monster_masktint01"
