[gd_scene format=3 uid="uid://dbdmjbgu7ji3b"]

[ext_resource type="PackedScene" uid="uid://bxhewvniye73c" path="res://assets/characters/party_monster/party_monster_skin.tscn" id="1_uqp16"]

[sub_resource type="Environment" id="Environment_uqp16"]
background_mode = 1
background_color = Color(0.48, 0.66, 0.64, 1)
ambient_light_source = 2
ambient_light_color = Color(0.96, 0.91, 0.84, 1)
ambient_light_energy = 0.92
tonemap_mode = 2
tonemap_exposure = 0.98
tonemap_white = 2.1
fog_enabled = true
fog_mode = 1
fog_light_color = Color(0.66, 0.8, 0.78, 1)
fog_density = 0.028
fog_depth_begin = 3.4
fog_depth_end = 8.5

[sub_resource type="StandardMaterial3D" id="StandardMaterial3D_gj3e0"]
transparency = 1
depth_draw_mode = 2
albedo_color = Color(0.045, 0.055, 0.06, 0.34)
metallic = 0.06
roughness = 0.88
emission_energy_multiplier = 0.0

[sub_resource type="CylinderMesh" id="CylinderMesh_ne0oa"]
material = SubResource("StandardMaterial3D_gj3e0")
top_radius = 1.42
bottom_radius = 1.42
height = 0.012
radial_segments = 128
rings = 1

[sub_resource type="StandardMaterial3D" id="StandardMaterial3D_c7msu"]
albedo_color = Color(0.16, 0.17, 0.17, 1)
metallic = 0.82
roughness = 0.3
emission_enabled = true
emission = Color(0.04, 0.035, 0.03, 1)
emission_energy_multiplier = 0.015

[sub_resource type="CylinderMesh" id="CylinderMesh_v1uwc"]
material = SubResource("StandardMaterial3D_c7msu")
top_radius = 1.12
bottom_radius = 1.12
height = 0.12
radial_segments = 128
rings = 1

[sub_resource type="StandardMaterial3D" id="StandardMaterial3D_6diib"]
albedo_color = Color(0.56, 0.52, 0.43, 1)
metallic = 0.9
roughness = 0.24
emission_enabled = true
emission = Color(0.34, 0.29, 0.2, 1)
emission_energy_multiplier = 0.045

[sub_resource type="CylinderMesh" id="CylinderMesh_uo5u0"]
material = SubResource("StandardMaterial3D_6diib")
top_radius = 1.17
bottom_radius = 1.17
height = 0.022
radial_segments = 128
rings = 1

[sub_resource type="StandardMaterial3D" id="StandardMaterial3D_tectg"]
transparency = 1
depth_draw_mode = 2
albedo_color = Color(0.74, 0.72, 0.66, 0.4)
metallic = 0.5
roughness = 0.26
emission_enabled = true
emission = Color(0.3, 0.27, 0.2, 1)
emission_energy_multiplier = 0.025

[sub_resource type="CylinderMesh" id="CylinderMesh_tgph8"]
material = SubResource("StandardMaterial3D_tectg")
top_radius = 0.96
bottom_radius = 0.96
height = 0.016
radial_segments = 128
rings = 1

[sub_resource type="StandardMaterial3D" id="StandardMaterial3D_auxto"]
transparency = 1
depth_draw_mode = 2
albedo_color = Color(0.6, 0.78, 0.74, 0.16)
roughness = 0.92
emission_enabled = true
emission = Color(0.6, 0.78, 0.74, 1)
emission_energy_multiplier = 0.05

[sub_resource type="QuadMesh" id="QuadMesh_k8uj0"]
material = SubResource("StandardMaterial3D_auxto")
size = Vector2(1.85, 1.4)

[sub_resource type="StandardMaterial3D" id="StandardMaterial3D_sl0r1"]
transparency = 1
depth_draw_mode = 2
albedo_color = Color(0.98, 0.73, 0.54, 0.1)
roughness = 0.92
emission_enabled = true
emission = Color(0.98, 0.73, 0.54, 1)
emission_energy_multiplier = 0.04

[sub_resource type="QuadMesh" id="QuadMesh_7hsoj"]
material = SubResource("StandardMaterial3D_sl0r1")
size = Vector2(1.7, 1.3)

[node name="PartyMonsterSoftVinylPreview" type="Node3D" unique_id=795835398]

[node name="SoftVinylWorldEnvironment" type="WorldEnvironment" parent="." unique_id=1429148572]
environment = SubResource("Environment_uqp16")

[node name="StudioStage" type="Node3D" parent="." unique_id=455813518]

[node name="SoftPlatformShadow" type="MeshInstance3D" parent="StudioStage" unique_id=123586859]
transform = Transform3D(1, 0, 0, 0, 1, 0, 0, 0, 1, 0, -0.124, 0)
mesh = SubResource("CylinderMesh_ne0oa")

[node name="TitaniumBase" type="MeshInstance3D" parent="StudioStage" unique_id=616376654]
transform = Transform3D(1, 0, 0, 0, 1, 0, 0, 0, 1, 0, -0.078, 0)
mesh = SubResource("CylinderMesh_v1uwc")

[node name="GreyGoldRim" type="MeshInstance3D" parent="StudioStage" unique_id=1861630563]
transform = Transform3D(1, 0, 0, 0, 1, 0, 0, 0, 1, 0, 0.004, 0)
mesh = SubResource("CylinderMesh_uo5u0")

[node name="BrushedSoftTop" type="MeshInstance3D" parent="StudioStage" unique_id=26034480]
transform = Transform3D(1, 0, 0, 0, 1, 0, 0, 0, 1, 0, 0.038, 0)
mesh = SubResource("CylinderMesh_tgph8")

[node name="SoftTealGlowLeft" type="MeshInstance3D" parent="StudioStage" unique_id=1021486033]
transform = Transform3D(1, 0, 0, 0, 1, 0, 0, 0, 1, -1.45, 1.02, -1.35)
mesh = SubResource("QuadMesh_k8uj0")

[node name="WarmPeachGlowRight" type="MeshInstance3D" parent="StudioStage" unique_id=193411569]
transform = Transform3D(1, 0, 0, 0, 1, 0, 0, 0, 1, 1.38, 0.92, -1.42)
mesh = SubResource("QuadMesh_7hsoj")

[node name="DefaultSoftVinylPM01" parent="StudioStage" unique_id=690286025 instance=ExtResource("1_uqp16")]
transform = Transform3D(0.97437006, 0, 0.22495104, 0, 1, 0, -0.22495104, 0, 0.97437006, -0.58, 0.064, 0)

[node name="TintSoftVinylPM01" parent="StudioStage" unique_id=470848906 instance=ExtResource("1_uqp16")]
transform = Transform3D(0.97437006, 0, -0.22495104, 0, 1, 0, 0.22495104, 0, 0.97437006, 0.58, 0.064, 0)
character_model_id = "party_monster_masktint01"

[node name="WarmSoftboxKey" type="DirectionalLight3D" parent="StudioStage" unique_id=977184294]
transform = Transform3D(0.83867055, 0.3783381, -0.39178053, 0, 0.7193398, 0.6946584, 0.54463905, -0.58258957, 0.60328907, 0, 0, 0)
light_color = Color(1, 0.83, 0.66, 1)
light_energy = 1.58
shadow_enabled = true

[node name="CoolTealFill" type="DirectionalLight3D" parent="StudioStage" unique_id=164641206]
transform = Transform3D(-0.7880108, -0.12800321, 0.6022078, 0, 0.9781476, 0.2079117, -0.61566144, 0.16383666, -0.7707909, 0, 0, 0)
light_color = Color(0.66, 0.82, 0.92, 1)
light_energy = 0.58

[node name="PeachFaceFill" type="OmniLight3D" parent="StudioStage" unique_id=431824534]
transform = Transform3D(1, 0, 0, 0, 1, 0, 0, 0, 1, -1.4, 1.75, 2.15)
light_color = Color(1, 0.86, 0.74, 1)
light_energy = 0.72
omni_range = 4.5

[node name="SoftVinylCamera" type="Camera3D" parent="StudioStage" unique_id=1909868403]
transform = Transform3D(1, 0, 0, 0, 0.9875803, 0.15711506, 0, -0.15711506, 0.9875803, 0, 1.2, 3.52)
current = true
fov = 34.0
